157
157
157
158
158
158
158
158
158
154
154
154
154
154
149
149
149
149
149
149
147
147
147
147
147
147
145
145
145
145
145
138
138
138
138
138
143
143
143
143
143
143
137
137
137
137
137
137
139
139
139
139
139
139
135
135
135
135
135
128
128
128
128
128
128
130
130
130
130
130
121
121
121
121
121
121
126
126
126
126
126
126
120
120
120
120
120
122
122
122
122
122
122
113
113
113
113
113
113
113
113
113
113
113
114
114
114
114
114
112
112
112
112
112
112
112
112
112
112
112
109
109
109
109
109
109
109
109
109
109
107
107
107
107
107
107
107
107
107
107
103
103
103
103
103
103
103
103
103
103
103
99
99
99
99
99
99
99
99
99
99
99
101
101
101
101
101
94
94
94
94
94
95
95
95
95
95
95
95
95
95
95
93
93
93
93
93
93
93
93
93
93
93
91
91
91
91
91
86
86
86
86
86
86
86
86
86
86
86
86
86
86
86
86
86
86
86
86
86
84
84
84
84
84
84
84
84
84
84
84
84
84
84
84
84
82
82
82
82
82
82
82
82
82
82
82
82
82
82
82
82
82
82
82
82
82
82
82
82
82
82
82
82
82
82
82
82
82
82
82
82
82
82
82
82
82
82
82
82
82
82
82
82
82
82
82
82
82
82
82
82
82
82
82
82
82
82
82
82
82
82
82
82
82
82
82
82
82
82
82
82
82
82
82
82
82
82
82
82
84
84
84
84
84
84
84
84
84
84
84
84
84
84
84
86
86
86
86
86
86
86
86
86
86
86
91
91
91
91
91
93
93
93
93
93
95
95
95
95
95
101
101
101
101
101
103
103
103
103
103
103
109
109
109
109
109
118
118
118
118
118
118
122
122
122
122
122
130
130
130
130
130
130
130
130
130
130
130
137
137
137
137
137
137
138
138
138
138
138
147
147
147
147
147
147
149
149
149
149
149
154
154
154
154
154
154
157
157
157
157
157
166
166
166
166
166
170
170
170
170
170
174
174
174
174
174
174
183
183
183
183
183
183
189
189
189
189
189
189
189
189
189
189
195
195
195
195
195
195
205
205
205
205
205
205
211
211
211
211
211
217
217
217
217
217
221
221
221
221
221
221
227
227
227
227
227
233
233
233
233
233
233
237
237
237
237
237
243
243
243
243
243
251
251
251
251
251
257
257
257
257
257
257
259
259
259
259
259
265
265
265
265
265
265
267
267
267
267
267
267
267
267
267
267
267
267
267
267
267
267
267
267
267
267
267
267
267
267
267
267
267
267
267
267
267
267
267
267
267
267
267
267
267
267
267
267
267
267
267
267
267
267
267
267
267
267
267
267
267
267
267
267
267
267
267
267
267
267
267
267
267
267
267
267
269
269
269
269
269
269
265
265
265
265
265
267
267
267
267
267
267
267
267
267
267
267
263
263
263
263
263
259
259
259
259
259
259
259
259
259
259
259
255
255
255
255
255
255
251
251
251
251
251
247
247
247
247
247
241
241
241
241
241
241
237
237
237
237
237
229
229
229
229
229
229
220
220
220
220
220
217
217
217
217
217
211
211
211
211
211
211
198
198
198
198
198
197
197
197
197
197
197
197
197
197
197
197
189
189
189
189
189
189
181
181
181
181
181
175
175
175
175
175
175
170
170
170
170
170
164
164
164
164
164
164
158
158
158
158
158
154
154
154
154
154
149
149
149
149
149
149
147
147
147
147
147
138
138
138
138
138
138
137
137
137
137
137
135
135
135
135
135
135
126
126
126
126
126
113
113
113
113
113
112
112
112
112
112
107
107
107
107
107
103
103
103
103
103
103
99
99
99
99
99
95
95
95
95
95
86
86
86
86
86
84
84
84
